0,392
0,510
84,190
84,189
0,298
0,292
0,289
84,188
84,187
0,391
0,293
0,291
0,290
0,390
0,389
0,387
0,5
0,461
0,268
0,460
0,267
0,266
0,265
0,457
0,264
0,456
0,263
0,455
0,262
0,454
0,261
0,453
0,260
0,452
0,259
0,253
0,445
0,252
0,249
0,248
0,242
0,241
0,240
0,239
0,238
0,237
0,236
0,235
0,234
0,233
0,231
0,230
0,415
0,221
0,414
0,220
0,413
0,219
0,218
0,411
0,217
0,408
0,214
0,407
0,213
0,406
0,212
0,211
0,404
0,210
0,403
0,209
0,540
0,201
0,546
0,197
0,193
0,474
0,243
0,319
0,466
0,48
74,34
74,33
74,32
74,31
74,30
74,29
74,28
74,27
74,26
74,25
74,24
74,23
74,22
74,21
74,20
74,19
74,18
74,17
74,16
74,15
74,14
74,13
74,12
74,11
74,10
74,9
74,8
74,7
74,6
74,5
74,4
74,3
0,462
0,6
0,258
0,451
0,386
0,385
0,255
0,254
0,447
0,528
0,502
0,251
0,250
0,499
0,527
0,247
0,246
0,245
0,438
0,318
0,244
0,494
0,493
0,492
0,491
84,186
84,185
84,184
84,183
84,182
84,181
84,180
84,179
84,178
84,177
84,176
84,175
84,174
84,173
84,172
84,171
84,170
84,169
84,168
84,167
84,166
84,165
84,164
84,163
84,162
84,161
84,160
84,159
84,158
0,490
0,489
0,488
0,487
84,157
84,156
84,155
84,154
84,153
84,152
84,151
84,150
84,149
84,148
84,147
84,146
84,145
84,144
84,143
0,486
0,485
0,315
0,232
0,526
0,525
0,314
0,229
0,313
0,228
0,227
0,421
0,226
0,420
0,225
0,224
0,418
0,223
0,222
0,416
0,481
0,518
0,480
0,479
14,7
0,216
0,215
0,515
0,477
0,476
0,514
0,513
0,0
0,208
0,207
0,401
0,206
0,205
0,400
0,399
0,311
0,310
84,142
0,316
0,309
0,200
0,538
0,199
0,547
0,198
0,301
0,196
0,545
0,299
0,53
0,52
74,2
74,0
0,51
0,465
0,50
0,49
0,45
0,204
0,542
0,203
0,541
0,202
0,539
0,195
0,194
0,297
0,192
0,63
0,62
0,61
0,60
14,5
0,59
0,58
0,57
0,56
0,55
0,54
84,141
84,140
0,285
0,284
0,283
0,282
0,281
0,280
0,47
0,46
0,274
0,269
14,6
0,504
0,531
0,503
0,257
0,388
0,450
14,3
0,256
0,549
0,448
0,446
0,548
0,440
0,439
0,437
0,436
0,435
0,434
0,431
0,430
0,429
0,428
0,426
0,425
0,424
0,423
0,422
0,417
0,384
0,278
0,312
0,1
0,308
0,2
0,9
108,4
108,3
